79
[[50, 98, 2], [52, 50, 48]]
50 98 2
52 50 48
79 >= 50, testing if 98 < 50
[50, 98, 2] -> [52, 50, 48]
num is now 81
[[0, 15, 37], [37, 52, 2], [39, 0, 15]]
0 15 37
81 >= 15, testing if 15 < 15
37 52 2
81 >= 52, testing if 15 < 52
[0, 15, 37] -> [37, 52, 2]
39 0 15
81 >= 0, testing if 52 < 0
num is now 81
[[49, 53, 8], [0, 11, 42], [42, 0, 7], [57, 7, 4]]
49 53 8
81 >= 53, testing if 53 < 53
0 11 42
81 >= 11, testing if 53 < 11
42 0 7
81 >= 0, testing if 53 < 0
57 7 4
81 >= 7, testing if 53 < 7
num is now 81
[[88, 18, 7], [18, 25, 70]]
88 18 7
81 >= 18, testing if 18 < 18
18 25 70
81 >= 25, testing if 18 < 25
[88, 18, 7] -> [18, 25, 70]
num is now 74
[[45, 77, 23], [81, 45, 19], [68, 64, 13]]
45 77 23
81 45 19
74 >= 45, testing if 77 < 45
[45, 77, 23] -> [81, 45, 19]
68 64 13
74 >= 64, testing if 45 < 64
[81, 45, 19] -> [68, 64, 13]
num is now 78
[[0, 69, 1], [1, 0, 69]]
0 69 1
78 >= 69, testing if 69 < 69
1 0 69
78 >= 0, testing if 69 < 0
num is now 78
[[60, 56, 37], [56, 93, 4]]
60 56 37
78 >= 56, testing if 56 < 56
56 93 4
num is now 82
found 82

14
[[50, 98, 2], [52, 50, 48]]
50 98 2
52 50 48
num is now 14
[[0, 15, 37], [37, 52, 2], [39, 0, 15]]
0 15 37
37 52 2
39 0 15
14 >= 0, testing if 15 < 0
[0, 15, 37] -> [39, 0, 15]
num is now 53
[[49, 53, 8], [0, 11, 42], [42, 0, 7], [57, 7, 4]]
49 53 8
53 >= 53, testing if 53 < 53
0 11 42
53 >= 11, testing if 53 < 11
42 0 7
53 >= 0, testing if 53 < 0
57 7 4
53 >= 7, testing if 53 < 7
num is now 53
[[88, 18, 7], [18, 25, 70]]
88 18 7
53 >= 18, testing if 18 < 18
18 25 70
53 >= 25, testing if 18 < 25
[88, 18, 7] -> [18, 25, 70]
num is now 46
[[45, 77, 23], [81, 45, 19], [68, 64, 13]]
45 77 23
81 45 19
46 >= 45, testing if 77 < 45
[45, 77, 23] -> [81, 45, 19]
68 64 13
num is now 82
[[0, 69, 1], [1, 0, 69]]
0 69 1
82 >= 69, testing if 69 < 69
1 0 69
82 >= 0, testing if 69 < 0
num is now 82
[[60, 56, 37], [56, 93, 4]]
60 56 37
82 >= 56, testing if 56 < 56
56 93 4
num is now 86
found 86

55
[[50, 98, 2], [52, 50, 48]]
50 98 2
52 50 48
55 >= 50, testing if 98 < 50
[50, 98, 2] -> [52, 50, 48]
num is now 57
[[0, 15, 37], [37, 52, 2], [39, 0, 15]]
0 15 37
57 >= 15, testing if 15 < 15
37 52 2
57 >= 52, testing if 15 < 52
[0, 15, 37] -> [37, 52, 2]
39 0 15
57 >= 0, testing if 52 < 0
num is now 57
[[49, 53, 8], [0, 11, 42], [42, 0, 7], [57, 7, 4]]
49 53 8
57 >= 53, testing if 53 < 53
0 11 42
57 >= 11, testing if 53 < 11
42 0 7
57 >= 0, testing if 53 < 0
57 7 4
57 >= 7, testing if 53 < 7
num is now 53
[[88, 18, 7], [18, 25, 70]]
88 18 7
53 >= 18, testing if 18 < 18
18 25 70
53 >= 25, testing if 18 < 25
[88, 18, 7] -> [18, 25, 70]
num is now 46
[[45, 77, 23], [81, 45, 19], [68, 64, 13]]
45 77 23
81 45 19
46 >= 45, testing if 77 < 45
[45, 77, 23] -> [81, 45, 19]
68 64 13
num is now 82
[[0, 69, 1], [1, 0, 69]]
0 69 1
82 >= 69, testing if 69 < 69
1 0 69
82 >= 0, testing if 69 < 0
num is now 82
[[60, 56, 37], [56, 93, 4]]
60 56 37
82 >= 56, testing if 56 < 56
56 93 4
num is now 86
found 86

13
[[50, 98, 2], [52, 50, 48]]
50 98 2
52 50 48
num is now 13
[[0, 15, 37], [37, 52, 2], [39, 0, 15]]
0 15 37
37 52 2
39 0 15
13 >= 0, testing if 15 < 0
[0, 15, 37] -> [39, 0, 15]
num is now 52
[[49, 53, 8], [0, 11, 42], [42, 0, 7], [57, 7, 4]]
49 53 8
0 11 42
52 >= 11, testing if 53 < 11
[49, 53, 8] -> [0, 11, 42]
42 0 7
52 >= 0, testing if 11 < 0
57 7 4
52 >= 7, testing if 11 < 7
num is now 41
[[88, 18, 7], [18, 25, 70]]
88 18 7
41 >= 18, testing if 18 < 18
18 25 70
41 >= 25, testing if 18 < 25
[88, 18, 7] -> [18, 25, 70]
num is now 34
[[45, 77, 23], [81, 45, 19], [68, 64, 13]]
45 77 23
81 45 19
68 64 13
num is now 34
[[0, 69, 1], [1, 0, 69]]
0 69 1
1 0 69
34 >= 0, testing if 69 < 0
[0, 69, 1] -> [1, 0, 69]
num is now 35
[[60, 56, 37], [56, 93, 4]]
60 56 37
56 93 4
num is now 35
found 35

35
